1	CMC1	1	1	1	2	-1.0381591	-1.1151547	0.7627842
1	CMC2	1	1	1	2	-1.5485599	2.0173054	1.9212842
1	CMC3	1	1	1	2	-2.2000437	-0.3658037	0.9266599
1	CMC4	1	1	1	2	-1.3788524	0.4284697	1.0526419
1	CMC5	1	1	1	2	-1.6551034	0.1081333	0.8663350
1	CMC6	1	1	1	2	-2.5538454	-1.0616391	1.6956204
1	CMC7	1	1	1	2	-1.9975715	-0.9204070	0.9061455
1	CMC8	1	1	1	2	-2.0457823	-0.6758277	0.8442812
1	CMC9	1	1	1	2	-1.0708122	-0.7280102	0.8541021
1	CMC10	1	1	1	2	-1.8541579	-0.1384427	1.5320152
1	CMC11	1	1	1	2	-1.8798909	0.4623085	1.0018535
1	CMC12	1	1	1	2	-2.3421972	-1.0378276	0.8784359
1	CMC13	1	1	1	2	-1.5077298	-2.0474381	1.4566944
1	CMC14	1	1	1	2	-1.1089602	-0.2791581	1.5142828
1	CMC15	1	1	1	2	-2.0712771	0.2971017	1.2965707
1	CMC16	1	1	1	2	-2.9258536	0.1747372	2.0469491
1	CMC17	1	1	1	2	-1.5263629	0.1876103	1.3978190
1	CMC18	1	1	1	2	-0.9789164	-2.1147064	1.6957073
1	CMC19	1	1	1	2	-1.5187971	2.3372674	2.3117795
1	CMC20	1	1	1	2	-1.4455098	2.3970726	1.4489340
1	CMC21	1	1	1	2	-1.9742862	1.9446151	1.6281382
1	CMC22	1	1	1	2	-1.4024221	0.5635042	0.8320715
1	CMC23	1	1	1	2	-1.9008323	0.2503981	0.9768588
1	CMC24	1	1	1	2	-1.0773322	-1.9179235	1.1418671
1	CMC25	1	1	1	2	-1.0224229	1.1077225	0.7944843
1	CMC26	1	1	1	2	-1.6107024	2.0187752	1.0923706
1	CMC27	1	1	1	2	-1.8840649	-0.0873239	1.1730201
1	CMC28	1	1	1	2	-1.3361212	0.1893353	2.1546851
1	CMC29	1	1	1	2	-1.3782160	1.7683971	1.2810740
1	CMC30	1	1	1	2	-0.7393543	-1.1122350	1.3505976
1	CMC31	1	1	1	2	-2.4041484	-0.5817334	0.8203985
1	CMC32	1	1	1	2	-1.0594178	1.3559051	1.5235060
1	CMC33	1	1	1	2	-1.4750755	1.6693157	1.2711786
1	CMC34	1	1	1	2	-1.6723599	-0.2449903	1.3107828
1	CMC35	1	1	1	2	-1.2291576	0.2024096	1.4665995
1	CMC36	1	1	1	2	-1.9342225	-0.9770423	0.8918806
1	CMC37	1	1	1	2	-2.1477187	0.7077409	1.7287653
1	CMC38	1	1	1	2	-1.2721874	0.2737417	0.7327085
1	CFR1	1	1	2	5	3.5778976	2.3707644	1.3663207	0.4403436	1.9134815
1	CFR2	1	1	2	5	0.9256977	0.0879174	-0.7274010	-1.3713992	1.2784658
1	AMC1	1	1	1	2	-1.2345334	-0.9392414	1.4655489
1	AMC2	1	1	1	2	-1.6664477	2.6912977	1.7609502
1	AMC3	1	1	1	2	-1.8250757	-0.7803536	1.4430127
1	AMC4	1	1	1	2	-1.9281184	0.3579365	0.9784240
1	AMC5	1	1	1	2	-1.6227773	-2.3507376	0.9915383
1	AMC6	1	1	1	2	-1.5271613	-3.6924253	2.2732723
1	AMC7	1	1	1	2	-1.8893620	0.0879067	1.2256893
1	AMC8	1	1	1	2	-1.4983898	-0.2710271	1.6399644
1	AMC9	1	1	1	2	-2.4239230	-0.2898723	1.2090633
1	AMC10	1	1	1	2	-2.4515695	-1.7689644	1.3201851
1	AMC11	1	1	1	2	-1.1158976	1.7338185	1.7372043
1	AMC12	1	1	1	2	-1.2451525	0.7098134	0.9746876
1	AFR1	1	1	2	5	0.4255727	-0.2451949	-0.9655396	-1.5732121	1.1378595
1	AFR2	1	1	2	5	2.5638452	1.6621430	0.8701094	0.1434644	1.2333756
1	AFR3	1	1	2	5	0.6617308	0.0051952	-0.5826981	-1.0930277	0.8762246
0	Group1	1	1	1	49	6.0000000	0.0000000	1.0000000	5.8271739e-070	1.6476037e-013	1.4057934e-011	5.1208413e-010	1.0591501e-008	1.3985465e-007	1.2585938e-006	8.0473691e-006	3.7680737e-005	1.3312282e-004	3.6898610e-004	8.4580693e-004	1.7064148e-003	3.2016399e-003	5.7007130e-003	9.4193334e-003	1.4254984e-002	2.0866456e-002	3.1292985e-002	4.4366581e-002	5.6033662e-002	7.2535291e-002	8.9612240e-002	8.7234334e-002	9.2641535e-002	1.1930568e-001	8.8807651e-002	5.8196546e-002	7.3244247e-002	5.1712187e-002	2.7022426e-002	2.1601310e-002	1.7262319e-002	9.2648362e-003	2.8693483e-003	4.3031135e-004	2.1668411e-005	2.4058406e-007	4.8188451e-010	1.8317195e-013	1.5533012e-017	3.6163302e-022	2.7549578e-027	6.8683007e-033	7.2754047e-039	2.8839546e-045	4.6244670e-052	3.2990464e-059	2.4431328e-098
