A Study for NERA: Comparing flexMIRT and PARSCALE                               
Model: 3PL & GRM                                                                
SEPARATE   55   55    3    0    1
    1    1    1    1    1    1    1    1    1    1    1    1    1    1    1    1    1    1    1    1    1    1    1    1    1    1    1    1    1    1

    1    1    1    1    1    1    1    1    1    1    1    1    1    1    1    1    1    1    1    1    1    1    1    1    1
GROUP 01
FREEDC      20001   0.78668   0.11938   1.45392   0.14486   0.26424   0.03718
   0.00000   0.00000
   0.00000   0.00000
BLOCK       20002   1.95256   0.09811  -1.03590   0.06625   0.16790   0.03878
   0.00000   0.00000
   0.00000   0.00000
BLOCK       20003   0.92423   0.06635   0.36744   0.09501   0.08911   0.03155
   0.00000   0.00000
   0.00000   0.00000
BLOCK       20004   1.06017   0.07657  -0.41665   0.13835   0.19257   0.04869
   0.00000   0.00000
   0.00000   0.00000
BLOCK       20005   0.86593   0.06912  -0.15680   0.15894   0.14700   0.04943
   0.00000   0.00000
   0.00000   0.00000
BLOCK       20006   1.70781   0.08549   0.62067   0.03245   0.06983   0.01228
   0.00000   0.00000
   0.00000   0.00000
BLOCK       20007   0.91006   0.08362   0.99884   0.08928   0.11532   0.02866
   0.00000   0.00000
   0.00000   0.00000
BLOCK       20008   0.84174   0.07511   0.77277   0.10694   0.10594   0.03328
   0.00000   0.00000
   0.00000   0.00000
BLOCK       20009   0.86645   0.10243   0.84402   0.14347   0.25407   0.03917
   0.00000   0.00000
   0.00000   0.00000
BLOCK       20010   1.54383   0.08366   0.08762   0.05167   0.13141   0.02233
   0.00000   0.00000
   0.00000   0.00000
BLOCK       20011   1.00673   0.06404  -0.47776   0.12246   0.12047   0.04439
   0.00000   0.00000
   0.00000   0.00000
BLOCK       20012   0.87475   0.07734   1.15744   0.08187   0.08077   0.02529
   0.00000   0.00000
   0.00000   0.00000
BLOCK       20013   1.48901   0.12870   1.39467   0.05342   0.18195   0.01399
   0.00000   0.00000
   0.00000   0.00000
BLOCK       20014   1.53152   0.09980   0.18416   0.06404   0.24621   0.02481
   0.00000   0.00000
   0.00000   0.00000
BLOCK       20015   1.30079   0.07032  -0.24027   0.07051   0.10225   0.02963
   0.00000   0.00000
   0.00000   0.00000
BLOCK       20016   2.06064   0.08035  -0.08604   0.02744   0.04616   0.01262
   0.00000   0.00000
   0.00000   0.00000
BLOCK       20017   1.41035   0.08391  -0.13591   0.07254   0.17396   0.03014
   0.00000   0.00000
   0.00000   0.00000
BLOCK       20018   1.73702   0.15103   1.23955   0.04984   0.27421   0.01380
   0.00000   0.00000
   0.00000   0.00000
BLOCK       20019   2.35588   0.11594  -0.99336   0.05180   0.17489   0.03319
   0.00000   0.00000
   0.00000   0.00000
BLOCK       20020   1.47074   0.08182  -1.64613   0.12250   0.17122   0.06563
   0.00000   0.00000
   0.00000   0.00000
BLOCK       20021   1.65023   0.07827  -1.18579   0.07339   0.10906   0.04028
   0.00000   0.00000
   0.00000   0.00000
BLOCK       20022   0.83234   0.06626  -0.71780   0.21551   0.17873   0.06574
   0.00000   0.00000
   0.00000   0.00000
BLOCK       20023   0.97745   0.06471  -0.28252   0.11939   0.11614   0.04182
   0.00000   0.00000
   0.00000   0.00000
BLOCK       20024   1.19351   0.14598   1.66222   0.08370   0.25751   0.01857
   0.00000   0.00000
   0.00000   0.00000
BLOCK       20025   0.80015   0.06611  -1.42399   0.30846   0.24565   0.09101
   0.00000   0.00000
   0.00000   0.00000
BLOCK       20026   1.10754   0.06279  -1.84767   0.15635   0.14416   0.06878
   0.00000   0.00000
   0.00000   0.00000
BLOCK       20027   1.17525   0.07432   0.06034   0.08031   0.12368   0.03061
   0.00000   0.00000
   0.00000   0.00000
BLOCK       20028   2.17855   0.11142  -0.08451   0.03973   0.20623   0.01975
   0.00000   0.00000
   0.00000   0.00000
BLOCK       20029   1.29244   0.07534  -1.39057   0.13625   0.17961   0.06390
   0.00000   0.00000
   0.00000   0.00000
BLOCK       20030   1.37376   0.12311   0.82118   0.07133   0.32351   0.02172
   0.00000   0.00000
   0.00000   0.00000
BLOCK       20031   0.81518   0.06250   0.67339   0.09622   0.07125   0.02935
   0.00000   0.00000
   0.00000   0.00000
BLOCK       20032   1.54708   0.09303  -0.87791   0.10085   0.25249   0.04638
   0.00000   0.00000
   0.00000   0.00000
BLOCK       20033   1.28305   0.07344  -1.32022   0.12964   0.16690   0.06037
   0.00000   0.00000
   0.00000   0.00000
BLOCK       20034   1.31798   0.08284   0.17924   0.06810   0.15299   0.02668
   0.00000   0.00000
   0.00000   0.00000
BLOCK       20035   1.48301   0.09156  -0.13656   0.07370   0.22323   0.03014
   0.00000   0.00000
   0.00000   0.00000
BLOCK       20036   0.89426   0.08631   1.07673   0.09195   0.12151   0.02908
   0.00000   0.00000
   0.00000   0.00000
BLOCK       20037   1.74214   0.07981  -0.40933   0.04788   0.09754   0.02391
   0.00000   0.00000
   0.00000   0.00000
BLOCK       20038   0.73472   0.07158  -0.40711   0.26650   0.20611   0.06959
   0.00000   0.00000
   0.00000   0.00000
FREEPY      50039   1.94931   0.03664  -0.98866   0.01664   0.00000   0.00000
   0.83989   0.22174  -0.29318  -0.76845   0.00000
   0.02959   0.02240   0.01936   0.01828   0.00000
BLOCK       50040   1.30020   0.02331   0.21572   0.02065   0.00000   0.00000
   0.92125   0.27666  -0.35099  -0.84692   0.00000
   0.02605   0.02449   0.02524   0.02754   0.00000
FIXDC       20041   1.48353   0.10532   0.63767   0.05585   0.22449   0.02015
   0.00000   0.00000
   0.00000   0.00000
BLOCK       20042   1.79481   0.09239  -1.50864   0.08594   0.14541   0.05198
   0.00000   0.00000
   0.00000   0.00000
BLOCK       20043   1.45567   0.08925   0.53570   0.04911   0.13648   0.01914
   0.00000   0.00000
   0.00000   0.00000
BLOCK       20044   0.98254   0.06354  -0.38343   0.12128   0.11552   0.04299
   0.00000   0.00000
   0.00000   0.00000
BLOCK       20045   1.05231   0.15811   2.31660   0.14119   0.16867   0.01674
   0.00000   0.00000
   0.00000   0.00000
BLOCK       20046   2.41144   0.20822   1.60547   0.04155   0.18062   0.00821
   0.00000   0.00000
   0.00000   0.00000
BLOCK       20047   1.23217   0.07390  -0.08089   0.07826   0.12396   0.03104
   0.00000   0.00000
   0.00000   0.00000
BLOCK       20048   1.65413   0.09408   0.16364   0.05045   0.17983   0.02154
   0.00000   0.00000
   0.00000   0.00000
BLOCK       20049   1.21099   0.06779   0.22634   0.05901   0.07378   0.02277
   0.00000   0.00000
   0.00000   0.00000
BLOCK       20050   1.33178   0.09574   1.32871   0.04862   0.07789   0.01283
   0.00000   0.00000
   0.00000   0.00000
BLOCK       20051   1.76740   0.09985  -0.98230   0.08557   0.24200   0.04422
   0.00000   0.00000
   0.00000   0.00000
BLOCK       20052   0.97768   0.07356  -0.75322   0.18338   0.20821   0.06199
   0.00000   0.00000
   0.00000   0.00000
FIXPY       50053   1.15715   0.02198   0.51702   0.02374   0.00000   0.00000
   0.87801   0.29800  -0.32512  -0.85089   0.00000
   0.02753   0.02710   0.02870   0.03193   0.00000
BLOCK       50054   1.25620   0.02403  -1.03595   0.02394   0.00000   0.00000
   0.99830   0.28053  -0.35005  -0.92879   0.00000
   0.03782   0.03002   0.02651   0.02543   0.00000
BLOCK       50055   0.89213   0.01746   0.29045   0.02966   0.00000   0.00000
   1.02506   0.28878  -0.37067  -0.94317   0.00000
   0.03524   0.03384   0.03478   0.03736   0.00000
